AA  Helix   Sheet    Coil
-------------------------
A    0.446   0.261   0.293
R    0.343   0.326   0.331
N    0.203   0.270   0.527
D    0.247   0.132   0.621
C    0.232   0.395   0.373
Q    0.367   0.348   0.285
E    0.443   0.341   0.216
G    0.182   0.239   0.579
H    0.328   0.285   0.387
I    0.310   0.460   0.230
L    0.423   0.360   0.217
K    0.381   0.247   0.372
M    0.442   0.320   0.238
F    0.366   0.447   0.187
P    0.182   0.176   0.642
S    0.261   0.254   0.485
T    0.268   0.384   0.348
W    0.312   0.396   0.292
Y    0.264   0.436   0.300
V    0.296   0.474   0.230
