AA  Helix   Sheet    Coil
-------------------------
A    0.477   0.191   0.331
R    0.419   0.207   0.374
N    0.305   0.172   0.523
D    0.315   0.135   0.550
C    0.397   0.273   0.330
Q    0.442   0.217   0.340
E    0.460   0.171   0.370
G    0.229   0.140   0.631
H    0.311   0.262   0.427
I    0.340   0.447   0.213
L    0.409   0.306   0.285
K    0.364   0.217   0.418
M    0.433   0.238   0.329
F    0.288   0.359   0.353
P    0.211   0.085   0.704
S    0.346   0.190   0.464
T    0.312   0.283   0.406
W    0.303   0.347   0.350
Y    0.312   0.294   0.393
V    0.292   0.471   0.236
